# SIMULAÇÃO AEON - RESULTADOS
# Desenvolvido por Luiz Cruz - 2025
# Gerações: 3
# Pontos temporais: 1000

# TEMPO
0.010000
0.060040
0.110080
0.160120
0.210160
0.260200
0.310240
0.360280
0.410320
0.460360
0.510400
0.560440
0.610480
0.660521
0.710561
0.760601
0.810641
0.860681
0.910721
0.960761
1.010801
1.060841
1.110881
1.160921
1.210961
1.261001
1.311041
1.361081
1.411121
1.461161
1.511201
1.561241
1.611281
1.661321
1.711361
1.761401
1.811441
1.861481
1.911522
1.961562
2.011602
2.061642
2.111682
2.161722
2.211762
2.261802
2.311842
2.361882
2.411922
2.461962
2.512002
2.562042
2.612082
2.662122
2.712162
2.762202
2.812242
2.862282
2.912322
2.962362
3.012402
3.062442
3.112482
3.162523
3.212563
3.262603
3.312643
3.362683
3.412723
3.462763
3.512803
3.562843
3.612883
3.662923
3.712963
3.763003
3.813043
3.863083
3.913123
3.963163
4.013203
4.063243
4.113283
4.163323
4.213363
4.263403
4.313443
4.363483
4.413524
4.463564
4.513604
4.563644
4.613684
4.663724
4.713764
4.763804
4.813844
4.863884
4.913924
4.963964
5.014004
5.064044
5.114084
5.164124
5.214164
5.264204
5.314244
5.364284
5.414324
5.464364
5.514404
5.564444
5.614484
5.664525
5.714565
5.764605
5.814645
5.864685
5.914725
5.964765
6.014805
6.064845
6.114885
6.164925
6.214965
6.265005
6.315045
6.365085
6.415125
6.465165
6.515205
6.565245
6.615285
6.665325
6.715365
6.765405
6.815445
6.865485
6.915526
6.965566
7.015606
7.065646
7.115686
7.165726
7.215766
7.265806
7.315846
7.365886
7.415926
7.465966
7.516006
7.566046
7.616086
7.666126
7.716166
7.766206
7.816246
7.866286
7.916326
7.966366
8.016406
8.066446
8.116486
8.166527
8.216567
8.266607
8.316647
8.366687
8.416727
8.466767
8.516807
8.566847
8.616887
8.666927
8.716967
8.767007
8.817047
8.867087
8.917127
8.967167
9.017207
9.067247
9.117287
9.167327
9.217367
9.267407
9.317447
9.367487
9.417528
9.467568
9.517608
9.567648
9.617688
9.667728
9.717768
9.767808
9.817848
9.867888
9.917928
9.967968
10.018008
10.068048
10.118088
10.168128
10.218168
10.268208
10.318248
10.368288
10.418328
10.468368
10.518408
10.568448
10.618488
10.668529
10.718569
10.768609
10.818649
10.868689
10.918729
10.968769
11.018809
11.068849
11.118889
11.168929
11.218969
11.269009
11.319049
11.369089
11.419129
11.469169
11.519209
11.569249
11.619289
11.669329
11.719369
11.769409
11.819449
11.869489
11.919530
11.969570
12.019610
12.069650
12.119690
12.169730
12.219770
12.269810
12.319850
12.369890
12.419930
12.469970
12.520010
12.570050
12.620090
12.670130
12.720170
12.770210
12.820250
12.870290
12.920330
12.970370
13.020410
13.070450
13.120490
13.170531
13.220571
13.270611
13.320651
13.370691
13.420731
13.470771
13.520811
13.570851
13.620891
13.670931
13.720971
13.771011
13.821051
13.871091
13.921131
13.971171
14.021211
14.071251
14.121291
14.171331
14.221371
14.271411
14.321451
14.371491
14.421532
14.471572
14.521612
14.571652
14.621692
14.671732
14.721772
14.771812
14.821852
14.871892
14.921932
14.971972
15.022012
15.072052
15.122092
15.172132
15.222172
15.272212
15.322252
15.372292
15.422332
15.472372
15.522412
15.572452
15.622492
15.672533
15.722573
15.772613
15.822653
15.872693
15.922733
15.972773
16.022813
16.072853
16.122893
16.172933
16.222973
16.273013
16.323053
16.373093
16.423133
16.473173
16.523213
16.573253
16.623293
16.673333
16.723373
16.773413
16.823453
16.873493
16.923534
16.973574
17.023614
17.073654
17.123694
17.173734
17.223774
17.273814
17.323854
17.373894
17.423934
17.473974
17.524014
17.574054
17.624094
17.674134
17.724174
17.774214
17.824254
17.874294
17.924334
17.974374
18.024414
18.074454
18.124494
18.174535
18.224575
18.274615
18.324655
18.374695
18.424735
18.474775
18.524815
18.574855
18.624895
18.674935
18.724975
18.775015
18.825055
18.875095
18.925135
18.975175
19.025215
19.075255
19.125295
19.175335
19.225375
19.275415
19.325455
19.375495
19.425536
19.475576
19.525616
19.575656
19.625696
19.675736
19.725776
19.775816
19.825856
19.875896
19.925936
19.975976
20.026016
20.076056
20.126096
20.176136
20.226176
20.276216
20.326256
20.376296
20.426336
20.476376
20.526416
20.576456
20.626496
20.676537
20.726577
20.776617
20.826657
20.876697
20.926737
20.976777
21.026817
21.076857
21.126897
21.176937
21.226977
21.277017
21.327057
21.377097
21.427137
21.477177
21.527217
21.577257
21.627297
21.677337
21.727377
21.777417
21.827457
21.877497
21.927538
21.977578
22.027618
22.077658
22.127698
22.177738
22.227778
22.277818
22.327858
22.377898
22.427938
22.477978
22.528018
22.578058
22.628098
22.678138
22.728178
22.778218
22.828258
22.878298
22.928338
22.978378
23.028418
23.078458
23.128498
23.178539
23.228579
23.278619
23.328659
23.378699
23.428739
23.478779
23.528819
23.578859
23.628899
23.678939
23.728979
23.779019
23.829059
23.879099
23.929139
23.979179
24.029219
24.079259
24.129299
24.179339
24.229379
24.279419
24.329459
24.379499
24.429540
24.479580
24.529620
24.579660
24.629700
24.679740
24.729780
24.779820
24.829860
24.879900
24.929940
24.979980
25.030020
25.080060
25.130100
25.180140
25.230180
25.280220
25.330260
25.380300
25.430340
25.480380
25.530420
25.580460
25.630501
25.680541
25.730581
25.780621
25.830661
25.880701
25.930741
25.980781
26.030821
26.080861
26.130901
26.180941
26.230981
26.281021
26.331061
26.381101
26.431141
26.481181
26.531221
26.581261
26.631301
26.681341
26.731381
26.781421
26.831461
26.881502
26.931542
26.981582
27.031622
27.081662
27.131702
27.181742
27.231782
27.281822
27.331862
27.381902
27.431942
27.481982
27.532022
27.582062
27.632102
27.682142
27.732182
27.782222
27.832262
27.882302
27.932342
27.982382
28.032422
28.082462
28.132503
28.182543
28.232583
28.282623
28.332663
28.382703
28.432743
28.482783
28.532823
28.582863
28.632903
28.682943
28.732983
28.783023
28.833063
28.883103
28.933143
28.983183
29.033223
29.083263
29.133303
29.183343
29.233383
29.283423
29.333463
29.383504
29.433544
29.483584
29.533624
29.583664
29.633704
29.683744
29.733784
29.783824
29.833864
29.883904
29.933944
29.983984
30.034024
30.084064
30.134104
30.184144
30.234184
30.284224
30.334264
30.384304
30.434344
30.484384
30.534424
30.584464
30.634505
30.684545
30.734585
30.784625
30.834665
30.884705
30.934745
30.984785
31.034825
31.084865
31.134905
31.184945
31.234985
31.285025
31.335065
31.385105
31.435145
31.485185
31.535225
31.585265
31.635305
31.685345
31.735385
31.785425
31.835465
31.885506
31.935546
31.985586
32.035626
32.085666
32.135706
32.185746
32.235786
32.285826
32.335866
32.385906
32.435946
32.485986
32.536026
32.586066
32.636106
32.686146
32.736186
32.786226
32.836266
32.886306
32.936346
32.986386
33.036426
33.086466
33.136507
33.186547
33.236587
33.286627
33.336667
33.386707
33.436747
33.486787
33.536827
33.586867
33.636907
33.686947
33.736987
33.787027
33.837067
33.887107
33.937147
33.987187
34.037227
34.087267
34.137307
34.187347
34.237387
34.287427
34.337467
34.387508
34.437548
34.487588
34.537628
34.587668
34.637708
34.687748
34.737788
34.787828
34.837868
34.887908
34.937948
34.987988
35.038028
35.088068
35.138108
35.188148
35.238188
35.288228
35.338268
35.388308
35.438348
35.488388
35.538428
35.588468
35.638509
35.688549
35.738589
35.788629
35.838669
35.888709
35.938749
35.988789
36.038829
36.088869
36.138909
36.188949
36.238989
36.289029
36.339069
36.389109
36.439149
36.489189
36.539229
36.589269
36.639309
36.689349
36.739389
36.789429
36.839469
36.889510
36.939550
36.989590
37.039630
37.089670
37.139710
37.189750
37.239790
37.289830
37.339870
37.389910
37.439950
37.489990
37.540030
37.590070
37.640110
37.690150
37.740190
37.790230
37.840270
37.890310
37.940350
37.990390
38.040430
38.090470
38.140511
38.190551
38.240591
38.290631
38.340671
38.390711
38.440751
38.490791
38.540831
38.590871
38.640911
38.690951
38.740991
38.791031
38.841071
38.891111
38.941151
38.991191
39.041231
39.091271
39.141311
39.191351
39.241391
39.291431
39.341471
39.391512
39.441552
39.491592
39.541632
39.591672
39.641712
39.691752
39.741792
39.791832
39.841872
39.891912
39.941952
39.991992
40.042032
40.092072
40.142112
40.192152
40.242192
40.292232
40.342272
40.392312
40.442352
40.492392
40.542432
40.592472
40.642513
40.692553
40.742593
40.792633
40.842673
40.892713
40.942753
40.992793
41.042833
41.092873
41.142913
41.192953
41.242993
41.293033
41.343073
41.393113
41.443153
41.493193
41.543233
41.593273
41.643313
41.693353
41.743393
41.793433
41.843473
41.893514
41.943554
41.993594
42.043634
42.093674
42.143714
42.193754
42.243794
42.293834
42.343874
42.393914
42.443954
42.493994
42.544034
42.594074
42.644114
42.694154
42.744194
42.794234
42.844274
42.894314
42.944354
42.994394
43.044434
43.094474
43.144515
43.194555
43.244595
43.294635
43.344675
43.394715
43.444755
43.494795
43.544835
43.594875
43.644915
43.694955
43.744995
43.795035
43.845075
43.895115
43.945155
43.995195
44.045235
44.095275
44.145315
44.195355
44.245395
44.295435
44.345475
44.395516
44.445556
44.495596
44.545636
44.595676
44.645716
44.695756
44.745796
44.795836
44.845876
44.895916
44.945956
44.995996
45.046036
45.096076
45.146116
45.196156
45.246196
45.296236
45.346276
45.396316
45.446356
45.496396
45.546436
45.596476
45.646517
45.696557
45.746597
45.796637
45.846677
45.896717
45.946757
45.996797
46.046837
46.096877
46.146917
46.196957
46.246997
46.297037
46.347077
46.397117
46.447157
46.497197
46.547237
46.597277
46.647317
46.697357
46.747397
46.797437
46.847477
46.897518
46.947558
46.997598
47.047638
47.097678
47.147718
47.197758
47.247798
47.297838
47.347878
47.397918
47.447958
47.497998
47.548038
47.598078
47.648118
47.698158
47.748198
47.798238
47.848278
47.898318
47.948358
47.998398
48.048438
48.098478
48.148519
48.198559
48.248599
48.298639
48.348679
48.398719
48.448759
48.498799
48.548839
48.598879
48.648919
48.698959
48.748999
48.799039
48.849079
48.899119
48.949159
48.999199
49.049239
49.099279
49.149319
49.199359
49.249399
49.299439
49.349479
49.399520
49.449560
49.499600
49.549640
49.599680
49.649720
49.699760
49.749800
49.799840
49.849880
49.899920
49.949960
50.000000

# ESPÉCIE 1
0.629613
0.776314
0.918601
1.055703
1.186861
1.311332
1.428408
1.537421
1.637759
1.728872
1.810278
1.881575
1.942443
1.992647
2.032047
2.060596
2.078342
2.085430
2.082099
2.068683
2.045608
2.013386
1.972612
1.923961
1.868176
1.806067
1.738499
1.666386
1.590681
1.512368
1.432451
1.351945
1.271865
1.193220
1.116997
1.044156
0.975619
0.912260
0.854899
0.804291
0.761121
0.725995
0.699437
0.681879
0.673664
0.675037
0.686142
0.707026
0.737634
0.777812
0.827307
0.885771
0.952763
1.027757
1.110141
1.199229
1.294267
1.394438
1.498871
1.606653
1.716834
1.828437
1.940472
2.051940
2.161850
2.269221
2.373097
2.472558
2.566723
2.654765
2.735916
2.809476
2.874819
2.931401
2.978763
3.016539
3.044456
3.062339
3.070112
3.067800
3.055528
3.033517
3.002087
2.961651
2.912710
2.855850
2.791735
2.721100
2.644745
2.563528
2.478351
2.390157
2.299919
2.208629
2.117287
2.026895
1.938444
1.852904
1.771216
1.694282
1.622954
1.558029
1.500238
1.450240
1.408616
1.375863
1.352386
1.338500
1.334421
1.340265
1.356053
1.381700
1.417026
1.461751
1.515503
1.577815
1.648138
1.725840
1.810214
1.900488
1.995829
2.095352
2.198131
2.303207
2.409596
2.516301
2.622323
2.726667
2.828356
2.926437
3.019995
3.108159
3.190111
3.265095
3.332424
3.391488
3.441759
3.482796
3.514250
3.535869
3.547497
3.549078
3.540658
3.522380
3.494488
3.457319
3.411304
3.356963
3.294897
3.225786
3.150378
3.069485
2.983973
2.894755
2.802779
2.709022
2.614477
2.520145
2.427025
2.336104
2.248345
2.164680
2.086000
2.013146
1.946899
1.887975
1.837016
1.794584
1.761154
1.737114
1.722754
1.718268
1.723753
1.739204
1.764515
1.799484
1.843809
1.897096
1.958861
2.028534
2.105467
2.188937
2.278157
2.372281
2.470416
2.571625
2.674944
2.779384
2.883946
2.987631
3.089447
3.188420
3.283606
3.374097
3.459032
3.537606
3.609077
3.672775
3.728106
3.774560
3.811716
3.839246
3.856917
3.864596
3.862249
3.849941
3.827839
3.796205
3.755399
3.705871
3.648158
3.582879
3.510729
3.432471
3.348928
3.260979
3.169542
3.075575
2.980058
2.883985
2.788360
2.694178
2.602421
2.514047
2.429980
2.351099
2.278233
2.212151
2.153551
2.103058
2.061216
2.028482
2.005221
1.991703
1.988102
1.994490
2.010841
2.037028
2.072826
2.117914
2.171877
2.234211
2.304328
2.381564
2.465182
2.554379
2.648300
2.746039
2.846655
2.949176
3.052610
3.155957
3.258219
3.358407
3.455551
3.548716
3.637002
3.719560
3.795599
3.864391
3.925281
3.977694
4.021139
4.055214
4.079613
4.094122
4.098632
4.093129
4.077701
4.052535
4.017916
3.974223
3.921925
3.861577
3.793817
3.719353
3.638964
3.553485
3.463803
3.370847
3.275579
3.178985
3.082060
2.985808
2.891221
2.799277
2.710928
2.627088
2.548626
2.476358
2.411039
2.353351
2.303902
2.263217
2.231733
2.209795
2.197653
2.195456
2.203258
2.221008
2.248560
2.285666
2.331984
2.387079
2.450430
2.521430
2.599399
2.683584
2.773171
2.867293
2.965036
3.065450
3.167558
3.270366
3.372874
3.474084
3.573010
3.668690
3.760195
3.846635
3.927174
4.001034
4.067501
4.125938
4.175788
4.216578
4.247927
4.269549
4.281253
4.282950
4.274649
4.256460
4.228591
4.191347
4.145128
4.090422
4.027802
3.957922
3.881508
3.799348
3.712293
3.621238
3.527120
3.430907
3.333588
3.236162
3.139628
3.044979
2.953188
2.865197
2.781912
2.704192
2.632840
2.568595
2.512123
2.464016
2.424780
2.394830
2.374493
2.363995
2.363467
2.372937
2.392335
2.421492
2.460139
2.507914
2.564363
2.628944
2.701035
2.779939
2.864890
2.955060
3.049571
3.147502
3.247895
3.349768
3.452126
3.553968
3.654297
3.752133
3.846520
3.936536
4.021302
4.099995
4.171848
4.236166
4.292327
4.339793
4.378110
4.406919
4.425952
4.435042
4.434120
4.423218
4.402468
4.372098
4.332435
4.283898
4.226994
4.162316
4.090532
4.012383
3.928671
3.840258
3.748048
3.652988
3.556049
3.458223
3.360510
3.263911
3.169412
3.077981
2.990555
2.908028
2.831249
2.761007
2.698025
2.642955
2.596369
2.558755
2.530508
2.511933
2.503237
2.504526
2.515809
2.536994
2.567888
2.608203
2.657557
2.715475
2.781398
2.854687
2.934628
3.020442
3.111289
3.206282
3.304489
3.404946
3.506670
3.608662
3.709920
3.809452
3.906281
3.999457
4.088068
4.171246
4.248180
4.318117
4.380379
4.434360
4.479541
4.515488
4.541862
4.558417
4.565006
4.561584
4.548203
4.525016
4.492275
4.450326
4.399607
4.340646
4.274051
4.200508
4.120771
4.035657
3.946036
3.852824
3.756973
3.659460
3.561279
3.463432
3.366916
3.272716
3.181792
3.095073
3.013445
2.937744
2.868744
2.807155
2.753611
2.708666
2.672788
2.646354
2.629646
2.622850
2.626051
2.639235
2.662288
2.694998
2.737054
2.788053
2.847503
2.914826
2.989367
3.070396
3.157120
3.248689
3.344204
3.442726
3.543287
3.644897
3.746558
3.847269
3.946039
4.041897
4.133900
4.221146
4.302779
4.377997
4.446066
4.506321
4.558176
4.601129
4.634767
4.658771
4.672916
4.677079
4.671234
4.655456
4.629920
4.594897
4.550756
4.497955
4.437038
4.368631
4.293436
4.212222
4.125817
4.035103
3.941004
3.844478
3.746507
3.648088
3.550222
3.453904
3.360115
3.269810
3.183908
3.103285
3.028763
2.961106
2.901004
2.849077
2.805859
2.771799
2.747254
2.732485
2.727656
2.732830
2.747972
2.772945
2.807516
2.851354
2.904036
2.965051
3.033802
3.109619
3.191756
3.279409
3.371715
3.467765
3.566614
3.667288
3.768795
3.870133
3.970305
4.068323
4.163221
4.254064
4.339959
4.420061
4.493583
4.559806
4.618080
4.667838
4.708597
4.739964
4.761640
4.773422
4.775208
4.766995
4.748880
4.721058
4.683823
4.637563
4.582754
4.519961
4.449826
4.373065
4.290462
4.202857
4.111143
4.016250
3.919144
3.820811
3.722249
3.624458
3.528433
3.435148
3.345552
3.260554
3.181021
3.107761
3.041524
2.982985
2.932745
2.891321
2.859141
2.836541
2.823763
2.820947
2.828136
2.845272
2.872197
2.908657
2.954300
3.008682
3.071275
3.141465
3.218563
3.301813
3.390394
3.483434
3.580015
3.679185
3.779965
3.881360
3.982369
4.081995
4.179254
4.273186
4.362866
4.447408
4.525981
4.597812
4.662195
4.718500
4.766176
4.804760
4.833878
4.853254
4.862706
4.862153
4.851613
4.831206
4.801150
4.761757
4.713436
4.656683
4.592080
4.520286
4.442032
4.358116
4.269389
4.176753
4.081148
3.983544
3.884930
3.786307
3.688674
3.593021
3.500319
3.411508
3.327490
3.249118
3.177190
3.112438
3.055523
3.007027
2.967449
2.937197
2.916587
2.905838
2.905069
2.914302
2.933456
2.962353
3.000716
3.048173
3.104261
3.168434
3.240060
3.318435
3.402787
3.492285
3.586045
3.683142
3.782616
3.883484
3.984750
4.085410
4.184472
4.280955
4.373907
4.462409
4.545588
4.622624
4.692758
4.755301
4.809637
4.855237
4.891656
4.918540
4.935635
4.942779
4.939915
4.927082
4.904422
4.872172
4.830668
4.780337
4.721694
4.655339
4.581947
4.502265
4.417102
4.327322
4.233836
4.137590
4.039561
3.940740
3.842129
3.744726
3.649517
3.557467
3.469510
3.386537
3.309389
3.238852
3.175641
3.120402
3.073699
3.036011
3.007727
2.989141
2.980450
2.981754
2.993050
3.014238
3.045116
3.085387
3.134659
3.192452
3.258196
3.331248
3.410885
3.496323
3.586719
3.681178
3.778767
3.878521
3.979452
4.080561
4.180849
4.279322
4.375006
4.466955
4.554260
4.636058
4.711542
4.779968
4.840661
4.893026
4.936549
4.970807
4.995467
5.010293
5.015149
5.009996
4.994897
4.970015
4.935608
4.892034
4.839737
4.779254
4.711199
4.636265
4.555213
4.468865
4.378095
4.283823
4.187004
4.088616
3.989655
3.891123
3.794016
3.699317
3.607984
3.520942
3.439073
3.363206
3.294112
3.232493
3.178976
3.134107
3.098346
3.072061
3.055527
3.048918
3.052312
3.065686
3.088915
3.121778
3.163957
3.215040
3.274526
3.341831
3.416291
3.497171
3.583672
3.674940
3.770071
3.868124
3.968127
4.069090
4.170014
4.269897
4.367752
4.462609
4.553529
4.639612
4.720007
4.793921
4.860622
4.919455
4.969840
5.011283
5.043380
5.065820
5.078388
5.080969
5.073547
5.056206
5.029130
4.992600
4.946992
4.892771
4.830492
4.760787
4.684363
4.601996
4.514519
4.422819
4.327823
4.230491
4.131808
4.032770
3.934380
3.837631
3.743502
3.652945
3.566875
3.486165
3.411631
3.344029
3.284045
3.232291
3.189293
3.155491
3.131234
3.116774
3.112265
3.117763
3.133221
3.158496
3.193344
3.237425
3.290309
3.351475
3.420321
3.496168
3.578267
3.665805
3.757916
3.853687
3.952171
4.052390
4.153351
4.254054
4.353500
4.450704
4.544702
4.634563
4.719397
4.798365
4.870686
4.935645
4.992602
5.040997
5.080354
5.110289
5.130511
5.140828
5.141147
5.131472
5.111910
5.082667
5.044044
4.996437
4.940332
4.876299
4.804989
4.727125
4.643495
4.554945
4.462371
4.366708
4.268923
4.170004
4.070950
3.972761
3.876429
3.782928
3.693202
3.608158
3.528657
3.455503
3.389438
3.331131
3.281176
3.240081
3.208267
3.186061
3.173694
3.171299
3.178910
3.196459
3.223779
3.260606
3.306580
3.361251
3.424079
3.494446
3.571656
3.654945
3.743489
3.836411
3.932788
4.031667
4.132065
4.232988
4.333433
4.432406
4.528923
4.622029
4.710799
4.794355
4.871869
4.942573
5.005770
5.060836
5.107228
5.144490
5.172259
5.190266
5.198338
5.196404
5.184492
5.162730
5.131344
5.090657
5.041084
4.983131
4.917387
4.844517
4.765260
4.680417
4.590847
4.497453
4.401180
4.302999
4.203902
4.104888
4.006958
3.911099
3.818280
3.729438
3.645471
3.567228
3.495499
3.431012
3.374420
3.326298
3.287135
3.257334
3.237199
3.226941
3.226672
3.236401
3.256041
3.285403
3.324201
3.372056
3.428497
3.492968
3.564831
3.643377
3.727826
3.817343

# ESPÉCIE 2
0.681282
0.816787
0.947888
1.074393
1.196091
1.312760
1.424174
1.530109
1.630347
1.724676
1.812901
1.894843
1.970341
2.039256
2.101474
2.156904
2.205485
2.247184
2.281994
2.309944
2.331088
2.345515
2.353341
2.354717
2.349820
2.338860
2.322075
2.299728
2.272113
2.239546
2.202368
2.160940
2.115647
2.066889
2.015082
1.960657
1.904057
1.845734
1.786145
1.725754
1.665025
1.604422
1.544407
1.485435
1.427952
1.372397
1.319192
1.268746
1.221451
1.177678
1.137777
1.102073
1.070870
1.044439
1.023028
1.006852
0.996097
0.990914
0.991425
0.997716
1.009841
1.027818
1.051632
1.081234
1.116541
1.157436
1.203771
1.255365
1.312006
1.373455
1.439442
1.509672
1.583825
1.661558
1.742507
1.826289
1.912504
2.000737
2.090562
2.181542
2.273234
2.365190
2.456958
2.548088
2.638134
2.726652
2.813209
2.897381
2.978757
3.056941
3.131555
3.202239
3.268657
3.330494
3.387461
3.439296
3.485766
3.526666
3.561825
3.591099
3.614380
3.631594
3.642698
3.647683
3.646578
3.639440
3.626364
3.607476
3.582934
3.552929
3.517681
3.477439
3.432482
3.383111
3.329655
3.272464
3.211909
3.148380
3.082282
3.014036
2.944074
2.872836
2.800770
2.728329
2.655966
2.584134
2.513284
2.443859
2.376295
2.311017
2.248436
2.188949
2.132933
2.080747
2.032729
1.989190
1.950418
1.916674
1.888188
1.865163
1.847770
1.836146
1.830399
1.830600
1.836788
1.848969
1.867112
1.891156
1.921003
1.956524
1.997558
2.043912
2.095362
2.151656
2.212515
2.277634
2.346682
2.419309
2.495140
2.573786
2.654840
2.737881
2.822477
2.908188
2.994566
3.081159
3.167516
3.253184
3.337714
3.420667
3.501608
3.580115
3.655781
3.728212
3.797034
3.861892
3.922455
3.978414
4.029486
4.075417
4.115979
4.150977
4.180245
4.203650
4.221092
4.232504
4.237854
4.237141
4.230402
4.217704
4.199149
4.174874
4.145044
4.109858
4.069543
4.024358
3.974585
3.920535
3.862541
3.800960
3.736167
3.668556
3.598536
3.526531
3.452974
3.378308
3.302983
3.227449
3.152161
3.077571
3.004126
2.932267
2.862426
2.795025
2.730470
2.669151
2.611441
2.557692
2.508233
2.463369
2.423380
2.388517
2.359002
2.335028
2.316756
2.304315
2.297800
2.297275
2.302767
2.314271
2.331747
2.355123
2.384292
2.419115
2.459420
2.505006
2.555640
2.611061
2.670983
2.735093
2.803053
2.874505
2.949070
3.026354
3.105944
3.187416
3.270335
3.354258
3.438736
3.523316
3.607545
3.690973
3.773153
3.853644
3.932017
4.007853
4.080749
4.150315
4.216183
4.278005
4.335455
4.388231
4.436059
4.478692
4.515912
4.547530
4.573392
4.593373
4.607382
4.615362
4.617290
4.613177
4.603067
4.587039
4.565203
4.537705
4.504720
4.466455
4.423146
4.375059
4.322485
4.265740
4.205165
4.141123
4.073993
4.004174
3.932080
3.858138
3.782784
3.706462
3.629622
3.552718
3.476202
3.400525
3.326132
3.253464
3.182948
3.115001
3.050026
2.988408
2.930513
2.876688
2.827253
2.782507
2.742721
2.708138
2.678972
2.655407
2.637593
2.625650
2.619664
2.619688
2.625740
2.637804
2.655832
2.679739
2.709411
2.744698
2.785420
2.831366
2.882295
2.937939
2.998002
3.062165
3.130083
3.201393
3.275710
3.352635
3.431750
3.512630
3.594835
3.677921
3.761437
3.844930
3.927948
4.010041
4.090763
4.169677
4.246357
4.320386
4.391367
4.458915
4.522668
4.582284
4.637443
4.687853
4.733245
4.773382
4.808054
4.837081
4.860319
4.877651
4.888997
4.894310
4.893577
4.886816
4.874084
4.855469
4.831090
4.801102
4.765689
4.725068
4.679483
4.629206
4.574538
4.515801
4.453342
4.387529
4.318749
4.247404
4.173911
4.098701
4.022213
3.944892
3.867191
3.789561
3.712455
3.636324
3.561610
3.488751
3.418172
3.350286
3.285489
3.224163
3.166667
3.113341
3.064499
3.020432
2.981403
2.947647
2.919369
2.896742
2.879909
2.868980
2.864030
2.865103
2.872207
2.885317
2.904373
2.929282
2.959920
2.996127
3.037714
3.084462
3.136122
3.192416
3.253043
3.317675
3.385962
3.457535
3.532003
3.608962
3.687993
3.768665
3.850536
3.933161
4.016088
4.098863
4.181035
4.262154
4.341778
4.419472
4.494811
4.567387
4.636803
4.702682
4.764667
4.822422
4.875636
4.924022
4.967322
5.005305
5.037771
5.064550
5.085504
5.100529
5.109554
5.112541
5.109487
5.100421
5.085409
5.064547
5.037967
5.005830
4.968332
4.925696
4.878175
4.826050
4.769627
4.709238
4.645234
4.577989
4.507895
4.435359
4.360802
4.284657
4.207366
4.129376
4.051139
3.973108
3.895735
3.819469
3.744752
3.672016
3.601684
3.534165
3.469850
3.409115
3.352313
3.299778
3.251817
3.208713
3.170720
3.138065
3.110943
3.089520
3.073929
3.064269
3.060607
3.062976
3.071373
3.085765
3.106081
3.132220
3.164046
3.201392
3.244059
3.291820
3.344416
3.401563
3.462952
3.528249
3.597097
3.669120
3.743925
3.821102
3.900228
3.980870
4.062583
4.144921
4.227430
4.309658
4.391153
4.471468
4.550161
4.626802
4.700969
4.772257
4.840275
4.904653
4.965037
5.021101
5.072538
5.119072
5.160451
5.196453
5.226886
5.251591
5.270440
5.283336
5.290220
5.291063
5.285871
5.274685
5.257579
5.234659
5.206067
5.171973
5.132582
5.088124
5.038863
4.985086
4.927106
4.865262
4.799911
4.731434
4.660225
4.586698
4.511276
4.434395
4.356499
4.278037
4.199462
4.121226
4.043781
3.967573
3.893042
3.820619
3.750721
3.683753
3.620102
3.560138
3.504208
3.452638
3.405728
3.363753
3.326960
3.295566
3.269759
3.249693
3.235493
3.227249
3.225016
3.228819
3.238645
3.254449
3.276154
3.303646
3.336781
3.375382
3.419243
3.468125
3.521765
3.579870
3.642122
3.708182
3.777686
3.850255
3.925488
4.002973
4.082282
4.162980
4.244621
4.326756
4.408931
4.490695
4.571596
4.651188
4.729034
4.804704
4.877782
4.947866
5.014572
5.077533
5.136405
5.190865
5.240616
5.285389
5.324940
5.359056
5.387555
5.410286
5.427130
5.438003
5.442851
5.441658
5.434440
5.421246
5.402161
5.377301
5.346816
5.310887
5.269726
5.223573
5.172698
5.117397
5.057991
4.994823
4.928258
4.858681
4.786492
4.712108
4.635956
4.558475
4.480109
4.401310
4.322531
4.244223
4.166838
4.090820
4.016607
3.944624
3.875288
3.808997
3.746134
3.687061
3.632121
3.581631
3.535886
3.495151
3.459665
3.429637
3.405245
3.386635
3.373920
3.367182
3.366468
3.371789
3.383125
3.400420
3.423588
3.452504
3.487016
3.526939
3.572055
3.622120
3.676860
3.735976
3.799143
3.866016
3.936225
4.009384
4.085090
4.162925
4.242459
4.323253
4.404861
4.486831
4.568712
4.650049
4.730394
4.809303
4.886339
4.961078
5.033108
5.102030
5.167466
5.229055
5.286459
5.339363
5.387477
5.430540
5.468317
5.500603
5.527226
5.548043
5.562946
5.571859
5.574740
5.571582
5.562410
5.547284
5.526298
5.499579
5.467284
5.429604
5.386760
5.339001
5.286604
5.229872
5.169133
5.104738
5.037056
4.966478
4.893409
4.818268
4.741486
4.663505
4.584772
4.505737
4.426854
4.348575
4.271350
4.195620
4.121821
4.050376
3.981695
3.916174
3.854188
3.796096
3.742232
3.692907
3.648407
3.608991
3.574889
3.546300
3.523393
3.506306
3.495141
3.489971
3.490831
3.497726
3.510623
3.529458
3.554133
3.584517
3.620446
3.661726
3.708131
3.759409
3.815279
3.875433
3.939540
4.007247
4.078181
4.151949
4.228145
4.306346
4.386119
4.467024
4.548613
4.630432
4.712030
4.792954
4.872756
4.950994
5.027236
5.101059
5.172056
5.239834
5.304018
5.364256
5.420214
5.471587
5.518091
5.559472
5.595506
5.625995
5.650777
5.669719
5.682721
5.689718
5.690679
5.685604
5.674530
5.657526
5.634696
5.606176
5.572134
5.532768
5.488307
5.439010
5.385162
5.327072
5.265075
5.199528
5.130806
5.059305
4.985435
4.909617
4.832287
4.753887
4.674867
4.595677
4.516772
4.438603
4.361617
4.286254
4.212948
4.142116
4.074167
4.009488
3.948452
3.891410
3.838689
3.790594
3.747403
3.709365
3.676703
3.649607
3.628238
3.612721
3.603152
3.599592
3.602067
3.610571
3.625063
3.645468
3.671679
3.703554
3.740922
3.783578
3.831289
3.883794
3.940805
4.002006
4.067060
4.135607
4.207270
4.281650
4.358336
4.436903
4.516915
4.597929
4.679495
4.761161
4.842473
4.922982
5.002239
5.079806
5.155252
5.228160
5.298126
5.364762
5.427700
5.486593
5.541114
5.590965
5.635872
5.675587
5.709894
5.738606
5.761570
5.778661
5.789791
5.794903
5.793975
5.787020
5.774082
5.755243
5.730613
5.700339
5.664598
5.623597
5.577574
5.526796
5.471553
5.412165
5.348972
5.282336
5.212640
5.140283
5.065677
4.989251
4.911441
4.832691
4.753453
4.674178
4.595319
4.517327
4.440648
4.365720
4.292971
4.222817
4.155661
4.091887
4.031860
3.975924
3.924402
3.877589
3.835756
3.799146
3.767969
3.742409
3.722615
3.708706
3.700766
3.698846
3.702964
3.713102
3.729211
3.751205
3.778966
3.812346
3.851162
3.895202
3.944225
3.997960
4.056111
4.118358
4.184355
4.253738
4.326122
4.401105
4.478272
4.557194
4.637434
4.718545
4.800077
4.881577
4.962592
5.042673
5.121374
5.198258
5.272899
5.344883
5.413810
5.479299
5.540986
5.598531
5.651615
5.699947
5.743259
5.781314
5.813904
5.840851
5.862010
5.877267
5.886544
5.889793
5.887003
5.878195
5.863425
5.842782
5.816389
5.784400
5.747001
5.704409
5.656870
5.604658
5.548072
5.487438
5.423103
5.355434
5.284820
5.211663
5.136383
5.059408
4.981177
4.902139
4.822743
4.743443
4.664691
4.586937
4.510624
4.436188
4.364055
4.294635
4.228327
4.165510
4.106542
4.051763
4.001485
3.956000
3.915568
3.880422
3.850768
3.826777
3.808591
3.796317
3.790032
3.789775
3.795555
3.807344
3.825082
3.848675
3.877996
3.912885
3.953152
3.998576
4.048907
4.103867
4.163153
4.226436
4.293365
4.363570
4.436661
4.512233
4.589864
4.669124

# ESPÉCIE 3
1.209550
1.445670
1.668449
1.875224
2.063534
2.231161
2.376168
2.496939
2.592203
2.661058
2.702991
2.717884
2.706020
2.668078
2.605131
2.518620
2.410342
2.282417
2.137260
1.977542
1.806147
1.626135
1.440684
1.253051
1.066516
0.884334
0.709680
0.545608
0.394994
0.260500
0.144527
0.049180
-0.023764
-0.072885
-0.097141
-0.095885
-0.068872
-0.016268
0.061358
0.163042
0.287437
0.432839
0.597209
0.778209
0.973236
1.179466
1.393894
1.613384
1.834717
2.054642
2.269928
2.477412
2.674049
2.856962
3.023486
3.171209
3.298008
3.402088
3.482003
3.536685
3.565456
3.568041
3.544574
3.495590
3.422025
3.325193
3.206773
3.068777
2.913522
2.743593
2.561801
2.371142
2.174749
1.975843
1.777680
1.583505
1.396499
1.219729
1.056101
0.908311
0.778810
0.669760
0.583001
0.520025
0.481950
0.469502
0.483008
0.522385
0.587148
0.676409
0.788902
0.922991
1.076704
1.247762
1.433611
1.631467
1.838356
2.051163
2.266678
2.481649
2.692829
2.897033
3.091180
3.272349
3.437818
3.585111
3.712034
3.816711
3.897614
3.953584
3.983852
3.988048
3.966211
3.918784
3.846611
3.750920
3.633309
3.495713
3.340384
3.169845
2.986860
2.794386
2.595526
2.393483
2.191510
1.992857
1.800721
1.618199
1.448233
1.293573
1.156724
1.039917
0.945064
0.873738
0.827141
0.806088
0.810994
0.841870
0.898317
0.979539
1.084350
1.211196
1.358177
1.523078
1.703405
1.896419
2.099186
2.308617
2.521518
2.734641
2.944734
3.148592
3.343106
3.525314
3.692445
3.841963
3.971607
4.079426
4.163812
4.223518
4.257686
4.265856
4.247974
4.204392
4.135864
4.043532
3.928912
3.793866
3.640575
3.471507
3.289373
3.097090
2.897732
2.694485
2.490592
2.289310
2.093852
1.907339
1.732755
1.572894
1.430321
1.307331
1.205911
1.127712
1.074021
1.045741
1.043378
1.067034
1.116402
1.190774
1.289050
1.409757
1.551069
1.710842
1.886638
2.075772
2.275348
2.482307
2.693477
2.905615
3.115466
3.319810
3.515512
3.699572
3.869172
4.021720
4.154888
4.266655
4.355330
4.419584
4.458471
4.471439
4.458341
4.419440
4.355398
4.267272
4.156496
4.024854
3.874461
3.707721
3.527295
3.336056
3.137048
2.933435
2.728452
2.525357
2.327376
2.137657
1.959218
1.794900
1.647322
1.518844
1.411525
1.327093
1.266920
1.231997
1.222920
1.239882
1.282667
1.350658
1.442842
1.557826
1.693864
1.848879
2.020496
2.206082
2.402786
2.607580
2.817313
3.028755
3.238648
3.443760
3.640932
3.827130
3.999491
4.155367
4.292369
4.408403
4.501700
4.570850
4.614816
4.632959
4.625039
4.591226
4.532093
4.448611
4.342129
4.214355
4.067332
3.903401
3.725170
3.535467
3.337302
3.133816
2.928233
2.723809
2.523783
2.331323
2.149482
1.981144
1.828982
1.695418
1.582581
1.492276
1.425959
1.384706
1.369204
1.379737
1.416182
1.478010
1.564297
1.673734
1.804652
1.955046
2.122605
2.304750
2.498676
2.701391
2.909767
3.120587
3.330595
3.536549
3.735270
3.923689
4.098903
4.258211
4.399162
4.519592
4.617658
4.691864
4.741090
4.764605
4.762079
4.733589
4.679619
4.601050
4.499147
4.375541
4.232202
4.071406
3.895704
3.707879
3.510903
3.307893
3.102057
2.896650
2.694918
2.500050
2.315128
2.143080
1.986629
1.848257
1.730162
1.634225
1.561983
1.514598
1.492847
1.497106
1.527342
1.583118
1.663597
1.767556
1.893404
2.039210
2.202729
2.381439
2.572582
2.773203
2.980202
3.190377
3.400477
3.607252
3.807503
3.998134
4.176199
4.338949
4.483872
4.608737
4.711625
4.790961
4.845538
4.874536
4.877533
4.854516
4.805876
4.732407
4.635289
4.516072
4.376650
4.219237
4.046322
3.860642
3.665130
3.462872
3.257062
3.050949
2.847784
2.650774
2.463031
2.287519
2.127012
1.984050
1.860898
1.759512
1.681507
1.628133
1.600254
1.598337
1.622442
1.672222
1.746930
1.845427
1.966205
2.107405
2.266851
2.442080
2.630383
2.828847
3.034398
3.243854
3.453971
3.661493
3.863207
4.055988
4.236853
4.403003
4.551871
4.681159
4.788875
4.873364
4.933333
4.967875
4.976477
4.959034
4.915847
4.847618
4.755442
4.640788
4.505476
4.351649
4.181739
3.998429
3.804612
3.603345
3.397801
3.191221
2.986860
2.787940
2.597597
2.418834
2.254471
2.107106
1.979067
1.872383
1.788749
1.729498
1.695583
1.687561
1.705585
1.749398
1.818343
1.911368
2.027046
2.163595
2.318907
2.490581
2.675960
2.872172
3.076176
3.284811
3.494841
3.703008
3.906086
4.100926
4.284508
4.453989
4.606744
4.740412
4.852930
4.942563
5.007936
5.048053
5.062312
5.050514
5.012870
4.949992
4.862889
4.752945
4.621906
4.471843
4.305126
4.124387
3.932474
3.732411
3.527349
3.320519
3.115177
2.914557
2.721818
2.539998
2.371962
2.220360
2.087586
1.975740
1.886592
1.821561
1.781687
1.767616
1.779592
1.817452
1.880627
1.968154
2.078687
2.210524
2.361626
2.529655
2.712008
2.905859
3.108200
3.315893
3.525714
3.734407
3.938733
4.135521
4.321718
4.494438
4.651002
4.788988
4.906261
5.001010
5.071778
5.117480
5.137425
5.131324
5.099294
5.041858
4.959937
4.854832
4.728209
4.582070
4.418719
4.240733
4.050915
3.852254
3.647877
3.441000
3.234878
3.032755
2.837812
2.653116
2.481577
2.325897
2.188531
2.071648
1.977095
1.906372
1.860605
1.840532
1.846488
1.878399
1.935790
2.017784
2.123120
2.250174
2.396980
2.561266
2.740483
2.931853
3.132404
3.339024
3.548503
3.757588
3.963032
4.161645
4.350342
4.526196
4.686478
4.828704
4.950670
5.050492
5.126629
5.177912
5.203559
5.203190
5.176831
5.124914
5.048270
4.948118
4.826042
4.683972
4.524147
4.349085
4.161543
3.964471
3.760970
3.554239
3.347530
3.144094
2.947128
2.759733
2.584856
2.425249
2.283428
2.161628
2.061772
1.985441
1.933846
1.907814
1.907771
1.933736
1.985324
2.061746
2.161828
2.284025
2.426445
2.586882
2.762848
2.951610
3.150238
3.355646
3.564642
3.773979
3.980403
4.180708
4.371781
4.550654
4.714551
4.860928
4.987516
5.092355
5.173825
5.230672
5.262025
5.267412
5.246768
5.200434
5.129152
5.034055
4.916647
4.778782
4.622633
4.450657
4.265562
4.070258
3.867817
3.661419
3.454310
3.249743
3.050935
2.861010
2.682955
2.519571
2.373429
2.246830
2.141772
2.059914
2.002554
1.970605
1.964584
1.984603
2.030367
2.101179
2.195947
2.313210
2.451152
2.607634
2.780227
2.966253
3.162819
3.366872
3.575239
3.784681
3.991942
4.193799
4.387115
4.568885
4.736286
4.886717
5.017845
5.127637
5.214395
5.276779
5.313831
5.324989
5.310096
5.269400
5.203555
5.113607
5.000979
4.867446
4.715114
4.546380
4.363897
4.170534
3.969331
3.763448
3.556120
3.350603
3.150127
2.957841
2.776767
2.609752
2.459422
2.328143
2.217983
2.130681
2.067616
2.029792
2.017815
2.031889
2.071810
2.136970
2.226367
2.338619
2.471989
2.624407
2.793508
2.976665
3.171030
3.373581
3.581170
3.790567
3.998515
4.201780
4.397201
4.581739
4.752525
4.906907
5.042486
5.157160
5.249151
5.317038
5.359775
5.376710
5.367594
5.332583
5.272243
5.187530
5.079784
4.950705
4.802326
4.636981
4.457269
4.266016
4.066224
3.861034
3.653666
3.447376
3.245406
3.050925
2.866990
2.696490
2.542105
2.406264
2.291103
2.198439
2.129735
2.086079
2.068169
2.076300
2.110359
2.169830
2.253797
2.360963
2.489668
2.637915
2.803401
2.983556
3.175578
3.376481
3.583139
3.792337
4.000820
4.205344
4.402727
4.589899
4.763948
4.922170
5.062105
5.181582
5.278746
5.352094
5.400495
5.423205
5.419885
5.390600
5.335823
5.256424
5.153659
5.029148
4.884851
4.723038
4.546253
4.357272
4.159063
3.954739
3.747507
3.540621
3.337327
3.140818
2.954179
2.780341
2.622036
2.481750
2.361692
2.263751
2.189472
2.140031
2.116213
2.118405
2.146587
2.200331
2.278812
2.380818
2.504766
2.648735
2.810487
2.987508
3.177045
3.376150
3.581724
3.790567
3.999430
4.205061
4.404260
4.593927
4.771112
4.933058
5.077248
5.201442
5.303713
5.382474
5.436509
5.464987
5.467476
5.443950
5.394790
5.320779
5.223085
5.103251
4.963161
4.805018
4.631309
4.444760
4.248301
4.045015
3.838094
3.630784
3.426339
3.227966
3.038781
2.861753
2.699661
2.555053
2.430201
2.327070
2.247285
2.192106
2.162409
2.158669
2.180960
2.228945
2.301887
2.398660
2.517763
2.657347
2.815245
2.989001
3.175911
3.373069
3.577404
3.785735
3.994821
4.201404
4.402270
4.594291
4.774478
4.940029
5.088368
5.217190
5.324494
5.408614
5.468250
5.502480
5.510784
5.493044
5.449549
5.380992
5.288456
5.173401
5.037638
4.883300
4.712812
4.528852
4.334306
4.132229
3.925790
3.718229
3.512802
3.312732
3.121159
2.941088
2.775347
2.626538
2.497000
2.388769
2.303549
2.242684
2.207138
2.197478
2.213868
2.256063
2.323416
2.414886
2.529056
2.664154
2.818079
2.988439
3.172582
3.367643
3.570584
3.778246
3.987395
4.194774
4.397154
4.591383
4.774438
4.943469
5.095847
5.229201
5.341460
5.430880
5.496075
5.536039
5.550159
5.538225
5.500436
5.437395
5.350097
5.239920
5.108598
4.958194
4.791070
4.609851
4.417380
4.216678
4.010893
3.803252
3.597014
3.395412
3.201609
3.018646
2.849394
2.696510
2.562395
2.449156
2.358575
2.292079
2.250719
2.235153
2.245634
2.282012
2.343729
2.429831
2.538984
2.669493
2.819331
2.986166
3.167401
3.360217
3.561610
3.768443
3.977496
4.185513
4.389252
4.585542
4.771325
4.943708
5.100009
5.237796
5.354927
5.449581
5.520291
5.565962
5.585892
5.579781
5.547734
5.490264
5.408280
5.303075
5.176304
5.029958
4.866338
4.688010
4.497773
4.298611
4.093648
3.886099
3.679218
3.476250
3.280377
3.094673
2.922050
2.765217
2.626637
2.508486
2.412622
2.340554
2.293418
2.271963
2.276535
2.307072
2.363109
2.443779
2.547834
2.673658
2.819293
2.982476
3.160666
3.351089

# ESTATÍSTICAS
# Médias: [np.float64(3.404167403079915), np.float64(3.89051693780544), np.float64(3.2351467377484897)]
# Desvios: [np.float64(1.0162484130137988), np.float64(1.1402913864856796), np.float64(1.3292801461698849)]
# Tendências: [np.float64(0.4863495347255249), np.float64(-0.6553702000569501)]
