# SIMULAÇÃO PREDADOR-PRESA AEON
# Desenvolvido por Luiz Cruz - 2025

# TEMPO
0.010000
0.050030
0.090060
0.130090
0.170120
0.210150
0.250180
0.290210
0.330240
0.370270
0.410300
0.450330
0.490360
0.530390
0.570420
0.610450
0.650480
0.690511
0.730541
0.770571
0.810601
0.850631
0.890661
0.930691
0.970721
1.010751
1.050781
1.090811
1.130841
1.170871
1.210901
1.250931
1.290961
1.330991
1.371021
1.411051
1.451081
1.491111
1.531141
1.571171
1.611201
1.651231
1.691261
1.731291
1.771321
1.811351
1.851381
1.891411
1.931441
1.971471
2.011502
2.051532
2.091562
2.131592
2.171622
2.211652
2.251682
2.291712
2.331742
2.371772
2.411802
2.451832
2.491862
2.531892
2.571922
2.611952
2.651982
2.692012
2.732042
2.772072
2.812102
2.852132
2.892162
2.932192
2.972222
3.012252
3.052282
3.092312
3.132342
3.172372
3.212402
3.252432
3.292462
3.332492
3.372523
3.412553
3.452583
3.492613
3.532643
3.572673
3.612703
3.652733
3.692763
3.732793
3.772823
3.812853
3.852883
3.892913
3.932943
3.972973
4.013003
4.053033
4.093063
4.133093
4.173123
4.213153
4.253183
4.293213
4.333243
4.373273
4.413303
4.453333
4.493363
4.533393
4.573423
4.613453
4.653483
4.693514
4.733544
4.773574
4.813604
4.853634
4.893664
4.933694
4.973724
5.013754
5.053784
5.093814
5.133844
5.173874
5.213904
5.253934
5.293964
5.333994
5.374024
5.414054
5.454084
5.494114
5.534144
5.574174
5.614204
5.654234
5.694264
5.734294
5.774324
5.814354
5.854384
5.894414
5.934444
5.974474
6.014505
6.054535
6.094565
6.134595
6.174625
6.214655
6.254685
6.294715
6.334745
6.374775
6.414805
6.454835
6.494865
6.534895
6.574925
6.614955
6.654985
6.695015
6.735045
6.775075
6.815105
6.855135
6.895165
6.935195
6.975225
7.015255
7.055285
7.095315
7.135345
7.175375
7.215405
7.255435
7.295465
7.335495
7.375526
7.415556
7.455586
7.495616
7.535646
7.575676
7.615706
7.655736
7.695766
7.735796
7.775826
7.815856
7.855886
7.895916
7.935946
7.975976
8.016006
8.056036
8.096066
8.136096
8.176126
8.216156
8.256186
8.296216
8.336246
8.376276
8.416306
8.456336
8.496366
8.536396
8.576426
8.616456
8.656486
8.696517
8.736547
8.776577
8.816607
8.856637
8.896667
8.936697
8.976727
9.016757
9.056787
9.096817
9.136847
9.176877
9.216907
9.256937
9.296967
9.336997
9.377027
9.417057
9.457087
9.497117
9.537147
9.577177
9.617207
9.657237
9.697267
9.737297
9.777327
9.817357
9.857387
9.897417
9.937447
9.977477
10.017508
10.057538
10.097568
10.137598
10.177628
10.217658
10.257688
10.297718
10.337748
10.377778
10.417808
10.457838
10.497868
10.537898
10.577928
10.617958
10.657988
10.698018
10.738048
10.778078
10.818108
10.858138
10.898168
10.938198
10.978228
11.018258
11.058288
11.098318
11.138348
11.178378
11.218408
11.258438
11.298468
11.338498
11.378529
11.418559
11.458589
11.498619
11.538649
11.578679
11.618709
11.658739
11.698769
11.738799
11.778829
11.818859
11.858889
11.898919
11.938949
11.978979
12.019009
12.059039
12.099069
12.139099
12.179129
12.219159
12.259189
12.299219
12.339249
12.379279
12.419309
12.459339
12.499369
12.539399
12.579429
12.619459
12.659489
12.699520
12.739550
12.779580
12.819610
12.859640
12.899670
12.939700
12.979730
13.019760
13.059790
13.099820
13.139850
13.179880
13.219910
13.259940
13.299970
13.340000
13.380030
13.420060
13.460090
13.500120
13.540150
13.580180
13.620210
13.660240
13.700270
13.740300
13.780330
13.820360
13.860390
13.900420
13.940450
13.980480
14.020511
14.060541
14.100571
14.140601
14.180631
14.220661
14.260691
14.300721
14.340751
14.380781
14.420811
14.460841
14.500871
14.540901
14.580931
14.620961
14.660991
14.701021
14.741051
14.781081
14.821111
14.861141
14.901171
14.941201
14.981231
15.021261
15.061291
15.101321
15.141351
15.181381
15.221411
15.261441
15.301471
15.341502
15.381532
15.421562
15.461592
15.501622
15.541652
15.581682
15.621712
15.661742
15.701772
15.741802
15.781832
15.821862
15.861892
15.901922
15.941952
15.981982
16.022012
16.062042
16.102072
16.142102
16.182132
16.222162
16.262192
16.302222
16.342252
16.382282
16.422312
16.462342
16.502372
16.542402
16.582432
16.622462
16.662492
16.702523
16.742553
16.782583
16.822613
16.862643
16.902673
16.942703
16.982733
17.022763
17.062793
17.102823
17.142853
17.182883
17.222913
17.262943
17.302973
17.343003
17.383033
17.423063
17.463093
17.503123
17.543153
17.583183
17.623213
17.663243
17.703273
17.743303
17.783333
17.823363
17.863393
17.903423
17.943453
17.983483
18.023514
18.063544
18.103574
18.143604
18.183634
18.223664
18.263694
18.303724
18.343754
18.383784
18.423814
18.463844
18.503874
18.543904
18.583934
18.623964
18.663994
18.704024
18.744054
18.784084
18.824114
18.864144
18.904174
18.944204
18.984234
19.024264
19.064294
19.104324
19.144354
19.184384
19.224414
19.264444
19.304474
19.344505
19.384535
19.424565
19.464595
19.504625
19.544655
19.584685
19.624715
19.664745
19.704775
19.744805
19.784835
19.824865
19.864895
19.904925
19.944955
19.984985
20.025015
20.065045
20.105075
20.145105
20.185135
20.225165
20.265195
20.305225
20.345255
20.385285
20.425315
20.465345
20.505375
20.545405
20.585435
20.625465
20.665495
20.705526
20.745556
20.785586
20.825616
20.865646
20.905676
20.945706
20.985736
21.025766
21.065796
21.105826
21.145856
21.185886
21.225916
21.265946
21.305976
21.346006
21.386036
21.426066
21.466096
21.506126
21.546156
21.586186
21.626216
21.666246
21.706276
21.746306
21.786336
21.826366
21.866396
21.906426
21.946456
21.986486
22.026517
22.066547
22.106577
22.146607
22.186637
22.226667
22.266697
22.306727
22.346757
22.386787
22.426817
22.466847
22.506877
22.546907
22.586937
22.626967
22.666997
22.707027
22.747057
22.787087
22.827117
22.867147
22.907177
22.947207
22.987237
23.027267
23.067297
23.107327
23.147357
23.187387
23.227417
23.267447
23.307477
23.347508
23.387538
23.427568
23.467598
23.507628
23.547658
23.587688
23.627718
23.667748
23.707778
23.747808
23.787838
23.827868
23.867898
23.907928
23.947958
23.987988
24.028018
24.068048
24.108078
24.148108
24.188138
24.228168
24.268198
24.308228
24.348258
24.388288
24.428318
24.468348
24.508378
24.548408
24.588438
24.628468
24.668498
24.708529
24.748559
24.788589
24.828619
24.868649
24.908679
24.948709
24.988739
25.028769
25.068799
25.108829
25.148859
25.188889
25.228919
25.268949
25.308979
25.349009
25.389039
25.429069
25.469099
25.509129
25.549159
25.589189
25.629219
25.669249
25.709279
25.749309
25.789339
25.829369
25.869399
25.909429
25.949459
25.989489
26.029520
26.069550
26.109580
26.149610
26.189640
26.229670
26.269700
26.309730
26.349760
26.389790
26.429820
26.469850
26.509880
26.549910
26.589940
26.629970
26.670000
26.710030
26.750060
26.790090
26.830120
26.870150
26.910180
26.950210
26.990240
27.030270
27.070300
27.110330
27.150360
27.190390
27.230420
27.270450
27.310480
27.350511
27.390541
27.430571
27.470601
27.510631
27.550661
27.590691
27.630721
27.670751
27.710781
27.750811
27.790841
27.830871
27.870901
27.910931
27.950961
27.990991
28.031021
28.071051
28.111081
28.151111
28.191141
28.231171
28.271201
28.311231
28.351261
28.391291
28.431321
28.471351
28.511381
28.551411
28.591441
28.631471
28.671502
28.711532
28.751562
28.791592
28.831622
28.871652
28.911682
28.951712
28.991742
29.031772
29.071802
29.111832
29.151862
29.191892
29.231922
29.271952
29.311982
29.352012
29.392042
29.432072
29.472102
29.512132
29.552162
29.592192
29.632222
29.672252
29.712282
29.752312
29.792342
29.832372
29.872402
29.912432
29.952462
29.992492
30.032523
30.072553
30.112583
30.152613
30.192643
30.232673
30.272703
30.312733
30.352763
30.392793
30.432823
30.472853
30.512883
30.552913
30.592943
30.632973
30.673003
30.713033
30.753063
30.793093
30.833123
30.873153
30.913183
30.953213
30.993243
31.033273
31.073303
31.113333
31.153363
31.193393
31.233423
31.273453
31.313483
31.353514
31.393544
31.433574
31.473604
31.513634
31.553664
31.593694
31.633724
31.673754
31.713784
31.753814
31.793844
31.833874
31.873904
31.913934
31.953964
31.993994
32.034024
32.074054
32.114084
32.154114
32.194144
32.234174
32.274204
32.314234
32.354264
32.394294
32.434324
32.474354
32.514384
32.554414
32.594444
32.634474
32.674505
32.714535
32.754565
32.794595
32.834625
32.874655
32.914685
32.954715
32.994745
33.034775
33.074805
33.114835
33.154865
33.194895
33.234925
33.274955
33.314985
33.355015
33.395045
33.435075
33.475105
33.515135
33.555165
33.595195
33.635225
33.675255
33.715285
33.755315
33.795345
33.835375
33.875405
33.915435
33.955465
33.995495
34.035526
34.075556
34.115586
34.155616
34.195646
34.235676
34.275706
34.315736
34.355766
34.395796
34.435826
34.475856
34.515886
34.555916
34.595946
34.635976
34.676006
34.716036
34.756066
34.796096
34.836126
34.876156
34.916186
34.956216
34.996246
35.036276
35.076306
35.116336
35.156366
35.196396
35.236426
35.276456
35.316486
35.356517
35.396547
35.436577
35.476607
35.516637
35.556667
35.596697
35.636727
35.676757
35.716787
35.756817
35.796847
35.836877
35.876907
35.916937
35.956967
35.996997
36.037027
36.077057
36.117087
36.157117
36.197147
36.237177
36.277207
36.317237
36.357267
36.397297
36.437327
36.477357
36.517387
36.557417
36.597447
36.637477
36.677508
36.717538
36.757568
36.797598
36.837628
36.877658
36.917688
36.957718
36.997748
37.037778
37.077808
37.117838
37.157868
37.197898
37.237928
37.277958
37.317988
37.358018
37.398048
37.438078
37.478108
37.518138
37.558168
37.598198
37.638228
37.678258
37.718288
37.758318
37.798348
37.838378
37.878408
37.918438
37.958468
37.998498
38.038529
38.078559
38.118589
38.158619
38.198649
38.238679
38.278709
38.318739
38.358769
38.398799
38.438829
38.478859
38.518889
38.558919
38.598949
38.638979
38.679009
38.719039
38.759069
38.799099
38.839129
38.879159
38.919189
38.959219
38.999249
39.039279
39.079309
39.119339
39.159369
39.199399
39.239429
39.279459
39.319489
39.359520
39.399550
39.439580
39.479610
39.519640
39.559670
39.599700
39.639730
39.679760
39.719790
39.759820
39.799850
39.839880
39.879910
39.919940
39.959970
40.000000

# PREDATOR
0.897767
1.097612
1.293406
1.482670
1.663000
1.832103
1.987839
2.128242
2.251559
2.356270
2.441113
2.505104
2.547548
2.568054
2.566537
2.543225
2.498649
2.433643
2.349327
2.247093
2.128587
1.995681
1.850453
1.695150
1.532162
1.363983
1.193179
1.022347
0.854084
0.690944
0.535403
0.389824
0.256425
0.137243
0.034107
-0.051387
-0.117901
-0.164372
-0.190031
-0.194410
-0.177349
-0.139001
-0.079828
-0.000594
0.097647
0.213563
0.345566
0.491835
0.650342
0.818880
0.995095
1.176522
1.360619
1.544803
1.726491
1.903132
2.072247
2.231465
2.378555
2.511461
2.628329
2.727535
2.807710
2.867758
2.906870
2.924540
2.920569
2.895070
2.848464
2.781477
2.695128
2.590713
2.469789
2.334150
2.185802
2.026934
1.859885
1.687113
1.511157
1.334603
1.160045
0.990048
0.827110
0.673631
0.531870
0.403921
0.291676
0.196805
0.120722
0.064576
0.029225
0.015230
0.022844
0.052007
0.102351
0.173202
0.263590
0.372265
0.497714
0.638181
0.791694
0.956095
1.129066
1.308169
1.490875
1.674605
1.856765
2.034782
2.206145
2.368437
2.519373
2.656831
2.778882
2.883820
2.970186
3.036786
3.082713
3.107356
3.110411
3.091885
3.052095
2.991664
2.911512
2.812843
2.697127
2.566080
2.421637
2.265926
2.101237
1.929990
1.754697
1.577927
1.402273
1.230309
1.064555
0.907441
0.761274
0.628199
0.510175
0.408941
0.325995
0.262571
0.219618
0.197794
0.197447
0.218619
0.261039
0.324128
0.407012
0.508526
0.627241
0.761476
0.909327
1.068691
1.237301
1.412754
1.592548
1.774119
1.954874
2.132233
2.303663
2.466715
2.619062
2.758529
2.883125
2.991074
3.080837
3.151139
3.200982
3.229663
3.236784
3.222256
3.186300
3.129448
3.052530
2.956666
2.843246
2.713916
2.570547
2.415215
2.250165
2.077784
1.900564
1.721064
1.541879
1.365597
1.194764
1.031848
0.879204
0.739036
0.613371
0.504025
0.412581
0.340362
0.288416
0.257497
0.248060
0.260246
0.293888
0.348509
0.423330
0.517282
0.629020
0.756943
0.899219
1.053806
1.218490
1.390907
1.568585
1.748977
1.929495
2.107553
2.280597
2.446149
2.601837
2.745435
2.874887
2.988346
3.084192
3.161063
3.217867
3.253805
3.268377
3.261392
3.232970
3.183541
3.113837
3.024884
2.917984
2.794699
2.656828
2.506380
2.345545
2.176665
2.002196
1.824677
1.646690
1.470824
1.299639
1.135627
0.981177
0.838541
0.709801
0.596838
0.501307
0.424613
0.367887
0.331976
0.317424
0.324469
0.353039
0.402749
0.472912
0.562545
0.670385
0.794908
0.934345
1.086718
1.249857
1.421440
1.599023
1.780073
1.962009
2.142235
2.318181
2.487337
2.647292
2.795764
2.930638
3.049995
3.152137
3.235616
3.299248
3.342139
3.363690
3.363610
3.341919
3.298946
3.235329
3.152000
3.050175
2.931336
2.797209
2.649739
2.491064
2.323481
2.149416
1.971386
1.791967
1.613751
1.439315
1.271179
1.111772
0.963396
0.828195
0.708122
0.604909
0.520049
0.454766
0.410004
0.386410
0.384325
0.403780
0.444495
0.505885
0.587064
0.686862
0.803841
0.936315
1.082372
1.239908
1.406650
1.580194
1.758037
1.937615
2.116337
2.291626
2.460953
2.621877
2.772074
2.909379
3.031810
3.137601
3.225223
3.293412
3.341182
3.367844
3.373009
3.356602
3.318856
3.260314
3.181818
3.084497
2.969753
2.839238
2.694832
2.538617
2.372844
2.199902
2.022285
1.842553
1.663301
1.487112
1.316530
1.154017
1.001919
0.862434
0.737578
0.629157
0.538741
0.467641
0.416890
0.387231
0.379100
0.392627
0.427629
0.483614
0.559789
0.655070
0.768100
0.897266
1.040722
1.196418
1.362129
1.535484
1.714004
1.895136
2.076290
2.254875
2.428337
2.594199
2.750092
2.893790
3.023244
3.136611
3.232279
3.308892
3.365367
3.400914
3.415042
3.407570
3.378628
3.328655
3.258392
3.168874
3.061413
2.937579
2.799177
2.648222
2.486911
2.317588
2.142713
1.964826
1.786511
1.610354
1.438915
1.274681
1.120037
0.977229
0.848332
0.735221
0.639541
0.562688
0.505783
0.469664
0.454863
0.461609
0.489818
0.539096
0.608747
0.697777
0.804916
0.928631
1.067149
1.218483
1.380463
1.550762
1.726933
1.906447
2.086721
2.265165
2.439211
2.606357
2.764197
2.910460
3.043040
3.160029
3.259741
3.340741
3.401860
3.442216
3.461227
3.458616
3.434417
3.388975
3.322942
3.237264
3.133170
3.012155
2.875956
2.726531
2.566024
2.396742
2.221117
2.041672
1.860986
1.681652
1.506249
1.337296
1.177218
1.028316
0.892726
0.772396
0.669050
0.584173
0.518979
0.474401
0.451076
0.449333
0.469192
0.510363
0.572246
0.653947
0.754284
0.871809
1.004825
1.151413
1.309461
1.476689
1.650687
1.828950
2.008908
2.187970
2.363559
2.533146
2.694291
2.844676
2.982138
3.104702
3.210606
3.298332
3.366621
3.414498
3.441279
3.446587
3.430354
3.392825
3.334549
3.256376
3.159445
3.045163
2.915189
2.771408
2.615905
2.450935
2.278888
2.102257
1.923604
1.745516
1.570578
1.401324
1.240211
1.089578
0.951612
0.828319
0.721494
0.632695
0.563220
0.514090
0.486031
0.479467
0.494514
0.530974
0.588343
0.665813
0.762289
0.876401
1.006525
1.150807
1.307188
1.473434
1.647171
1.825915
2.007109
2.188162
2.366484
2.539524
2.704806
2.859968
3.002790
3.131231
3.243456
3.337864
3.413110
3.468123
3.502124
3.514636
3.505492
3.474833
3.423114
3.351089
3.259805
3.150586
3.025013
2.884904
2.732282
2.569354
2.398470
2.222098
2.042782
1.863109
1.685670
1.513023
1.347656
1.191952
1.048155
0.918334
0.804361
0.707873
0.630260
0.572637
0.535830
0.520367
0.526464
0.554031
0.602665
0.671659
0.760014
0.866452
0.989431
1.127175
1.277691
1.438804
1.608185
1.783387
1.961878
2.141079
2.318399
2.491278
2.657215
2.813812
2.958806
3.090099
3.205792
3.304210
3.383927
3.443788
3.482923
3.500761
3.497037
3.471798
3.425403
3.358512
3.272084
3.167358
3.045838
2.909271
2.759619
2.599034
2.429828
2.254434
2.075378
1.895237
1.716606
1.542058
1.374108
1.215176
1.067554
0.933370
0.814561
0.712841
0.629681
0.566283
0.523567
0.502154
0.502361
0.524191
0.567339
0.631193
0.714843
0.817094
0.936483
1.071304
1.219627
1.379327
1.548117
1.723580
1.903204
2.084415
2.264618
2.441234
2.611735
2.773681
2.924756
3.062803
3.185849
3.292140
3.380164
3.448671
3.496693
3.523556
3.528893
3.512645
3.475066
3.416716
3.338455
3.241429
3.127054
2.996997
2.853151
2.697605
2.532619
2.360588
2.184007
2.005438
1.827470
1.652684
1.483615
1.322713
1.172313
1.034596
0.911561
0.804996
0.716448
0.647207
0.598283
0.570394
0.563952
0.579063
0.615518
0.672803
0.750102
0.846310
0.960049
1.089688
1.233368
1.389023
1.554418
1.727175
1.904809
2.084764
2.264453
2.441287
2.612722
2.776289
2.929631
3.070540
3.196985
3.307142
3.399422
3.472494
3.525301
3.557078
3.567364
3.556005
3.523160
3.469295
3.395181
3.301878
3.190723
3.063310
2.921466
2.767227
2.602807
2.430564
2.252972
2.072580
1.891977
1.713756
1.540475
1.374621
1.218574
1.074573
0.944682
0.830765
0.734453
0.657125
0.599886
0.563553
0.548642
0.555358
0.583600
0.632952
0.702698
0.791826
0.899047
1.022811
1.161330
1.312606
1.474454
1.644542
1.820414
1.999538
2.179329
2.357198
2.530583
2.696985
2.854009
2.999395
3.131051
3.247083
3.345822
3.425852
3.486024
3.525476
3.543648
3.540283
3.515437
3.469478
3.403075
3.317194
3.213083
3.092251
2.956451
2.807650
2.648004
2.479826
2.305552
2.127705
1.948863
1.771615
1.598531
1.432120
1.274794
1.128837
0.996368
0.879312
0.779372
0.698007
0.636405
0.595473
0.575818
0.577743
0.601236
0.645980
0.711348
0.796417
0.899980
1.020565
1.156452
1.305703
1.466186
1.635607
1.811544
1.991480
2.172841
2.353030
2.529469
2.699634
2.861087
3.011520
3.148781
3.270906
3.376151
3.463014
3.530255
3.576920
3.602347
3.606182
3.588380
3.549208
3.489239
3.409347
3.310689
3.194695
3.063043
2.917635
2.760570
2.594117
2.420677
2.242752
2.062908
1.883737
1.707822
1.537697
1.375814
1.224503
1.085944
0.962130
0.854843
0.765626
0.695759
0.646246
0.617796
0.610812
0.625391
0.661317
0.718066
0.794813
0.890446
1.003581
1.132579
1.275575
1.430501
1.595115
1.767039
1.943788
2.122805
2.301503
2.477299
2.647651
2.810096
2.962285
3.102016
3.227268
3.336226
3.427314
3.499208
3.550867
3.581536
3.590766
3.578417
3.544658
3.489969
3.415131
3.321216
3.209569
3.081795
2.939727
2.785409
2.621059
2.449041
2.271830
2.091976
1.912068
1.734696
1.562414
1.397705
1.242942
1.100355
0.971999
0.859728
0.765160
0.689663
0.634329
0.599959
0.587056
0.595811
0.626106
0.677512
0.749298
0.840438
0.949631
1.075313
1.215685
1.368738
1.532277
1.703962
1.881332
2.061845
2.242917
2.421954
2.596391
2.763732
2.921583
3.067686
3.199954
3.316497
3.415655
3.496018
3.556444
3.596082
3.614379
3.611089
3.586279
3.540324
3.473904
3.387994
3.283851
3.162993
3.027178
2.878382
2.718765
2.550645
2.376460
2.198737
2.020052
1.842997
1.670138
1.503980
1.346933
1.201274
1.069116
0.952376
0.852750
0.771686
0.710365
0.669682
0.650234
0.652313
0.675898
0.720661
0.785965
0.870879
0.974186
1.094406
1.229815
1.378467
1.538226
1.706795
1.881751
2.060577
2.240698
2.419523
2.594477
2.763040
2.922784
3.071408
3.206769
3.326915
3.430114
3.514875
3.579975
3.624471
3.647718
3.649375
3.629413
3.588114
3.526065
3.444154
3.343553
3.225704
3.092295
2.945241
2.786651
2.618800
2.444098
2.265051
2.084230
1.904229
1.727632
1.556973
1.394701
1.243143
1.104474
0.980681
0.873538
0.784579
0.715077
0.666024
0.638118
0.631753
0.647013
0.683670
0.741188
0.818734
0.915182
1.029138
1.158955
1.302757
1.458469
1.623844
1.796496
1.973935
2.153603
2.332910
2.509271
2.680147
2.843076
2.995711

# PREY
1.632110
1.728402
1.821415
1.911157
1.997625
2.080808
2.160690
2.237253
2.310477
2.380347
2.446847
2.509971
2.569717
2.626090
2.679105
2.728784
2.775161
2.818277
2.858184
2.894942
2.928623
2.959304
2.987074
3.012026
3.034262
3.053889
3.071019
3.085766
3.098250
3.108591
3.116908
3.123323
3.127955
3.130918
3.132328
3.132293
3.130916
3.128297
3.124528
3.119695
3.113877
3.107147
3.099571
3.091205
3.082103
3.072310
3.061864
3.050799
3.039146
3.026927
3.014166
3.000880
2.987088
2.972805
2.958049
2.942838
2.927193
2.911135
2.894692
2.877895
2.860781
2.843393
2.825778
2.807994
2.790102
2.772173
2.754283
2.736518
2.718967
2.701731
2.684912
2.668620
2.652969
2.638079
2.624071
2.611069
2.599196
2.588579
2.579341
2.571602
2.565480
2.561088
2.558532
2.557911
2.559317
2.562831
2.568525
2.576459
2.586682
2.599230
2.614127
2.631382
2.650993
2.672941
2.697197
2.723717
2.752444
2.783308
2.816229
2.851115
2.887862
2.926360
2.966488
3.008119
3.051121
3.095355
3.140680
3.186954
3.234031
3.281767
3.330022
3.378653
3.427527
3.476512
3.525481
3.574318
3.622910
3.671153
3.718953
3.766222
3.812883
3.858867
3.904115
3.948574
3.992202
4.034963
4.076831
4.117784
4.157807
4.196891
4.235030
4.272222
4.308468
4.343771
4.378133
4.411557
4.444045
4.475596
4.506207
4.535871
4.564578
4.592313
4.619054
4.644777
4.669450
4.693038
4.715497
4.736780
4.756836
4.775607
4.793033
4.809049
4.823590
4.836587
4.847970
4.857672
4.865624
4.871762
4.876024
4.878353
4.878696
4.877008
4.873253
4.867401
4.859432
4.849337
4.837118
4.822787
4.806368
4.787898
4.767427
4.745015
4.720736
4.694676
4.666931
4.637610
4.606831
4.574722
4.541420
4.507070
4.471824
4.435837
4.399271
4.362290
4.325060
4.287747
4.250516
4.213530
4.176949
4.140926
4.105612
4.071147
4.037665
4.005292
3.974142
3.944322
3.915925
3.889034
3.863722
3.840048
3.818062
3.797801
3.779291
3.762549
3.747581
3.734383
3.722944
3.713244
3.705255
3.698947
3.694280
3.691215
3.689706
3.689709
3.691175
3.694059
3.698315
3.703899
3.710771
3.718892
3.728230
3.738755
3.750442
3.763273
3.777233
3.792314
3.808511
3.825824
3.844260
3.863826
3.884535
3.906403
3.929445
3.953679
3.979124
4.005797
4.033711
4.062882
4.093316
4.125018
4.157988
4.192216
4.227689
4.264382
4.302266
4.341298
4.381428
4.422597
4.464735
4.507761
4.551585
4.596108
4.641221
4.686805
4.732735
4.778878
4.825092
4.871233
4.917149
4.962688
5.007693
5.052007
5.095474
5.137938
5.179247
5.219252
5.257812
5.294791
5.330059
5.363497
5.394996
5.424457
5.451792
5.476925
5.499794
5.520348
5.538551
5.554378
5.567819
5.578877
5.587566
5.593913
5.597957
5.599747
5.599343
5.596813
5.592234
5.585689
5.577267
5.567062
5.555174
5.541701
5.526746
5.510409
5.492793
5.473997
5.454116
5.433242
5.411465
5.388867
5.365526
5.341513
5.316894
5.291726
5.266062
5.239949
5.213425
5.186524
5.159275
5.131701
5.103821
5.075652
5.047205
5.018493
4.989526
4.960313
4.930865
4.901196
4.871321
4.841258
4.811031
4.780668
4.750202
4.719675
4.689132
4.658627
4.628223
4.597987
4.567995
4.538331
4.509085
4.480354
4.452240
4.424852
4.398303
4.372709
4.348189
4.324866
4.302860
4.282294
4.263287
4.245956
4.230415
4.216771
4.205125
4.195571
4.188194
4.183070
4.180264
4.179830
4.181809
4.186231
4.193111
4.202452
4.214244
4.228462
4.245069
4.264014
4.285234
4.308652
4.334182
4.361726
4.391175
4.422414
4.455318
4.489756
4.525591
4.562683
4.600889
4.640063
4.680059
4.720733
4.761943
4.803548
4.845414
4.887411
4.929414
4.971307
5.012980
5.054332
5.095270
5.135710
5.175576
5.214803
5.253332
5.291115
5.328112
5.364290
5.399622
5.434089
5.467678
5.500381
5.532192
5.563110
5.593136
5.622272
5.650520
5.677881
5.704356
5.729942
5.754636
5.778427
5.801302
5.823245
5.844231
5.864232
5.883215
5.901140
5.917962
5.933632
5.948095
5.961291
5.973159
5.983632
5.992643
6.000123
6.006001
6.010210
6.012682
6.013353
6.012162
6.009053
6.003976
5.996890
5.987759
5.976557
5.963269
5.947888
5.930421
5.910884
5.889305
5.865727
5.840203
5.812798
5.783590
5.752669
5.720137
5.686105
5.650695
5.614038
5.576276
5.537553
5.498025
5.457849
5.417187
5.376204
5.335065
5.293936
5.252982
5.212364
5.172239
5.132758
5.094069
5.056310
5.019610
4.984091
4.949864
4.917029
4.885676
4.855883
4.827719
4.801237
4.776483
4.753488
4.732276
4.712859
4.695237
4.679404
4.665344
4.653036
4.642449
4.633548
4.626296
4.620648
4.616559
4.613984
4.612874
4.613184
4.614868
4.617884
4.622191
4.627754
4.634541
4.642523
4.651679
4.661990
4.673445
4.686037
4.699763
4.714625
4.730630
4.747788
4.766112
4.785618
4.806323
4.828245
4.851400
4.875807
4.901478
4.928424
4.956653
4.986167
5.016962
5.049026
5.082342
5.116884
5.152615
5.189491
5.227459
5.266454
5.306401
5.347217
5.388808
5.431070
5.473890
5.517147
5.560712
5.604448
5.648213
5.691859
5.735233
5.778182
5.820548
5.862175
5.902905
5.942585
5.981063
6.018194
6.053837
6.087859
6.120136
6.150550
6.178996
6.205381
6.229620
6.251643
6.271392
6.288823
6.303902
6.316612
6.326948
6.334915
6.340535
6.343838
6.344868
6.343678
6.340330
6.334898
6.327459
6.318099
6.306911
6.293990
6.279434
6.263345
6.245825
6.226974
6.206893
6.185681
6.163431
6.140235
6.116178
6.091343
6.065802
6.039627
6.012878
5.985613
5.957880
5.929723
5.901179
5.872280
5.843051
5.813515
5.783689
5.753587
5.723222
5.692605
5.661745
5.630653
5.599339
5.567819
5.536107
5.504226
5.472199
5.440058
5.407837
5.375581
5.343338
5.311165
5.279127
5.247294
5.215746
5.184569
5.153856
5.123705
5.094221
5.065516
5.037703
5.010899
4.985227
4.960806
4.937758
4.916206
4.896267
4.878057
4.861687
4.847262
4.834882
4.824635
4.816604
4.810860
4.807463
4.806464
4.807897
4.811788
4.818147
4.826971
4.838245
4.851939
4.868009
4.886400
4.907043
4.929859
4.954755
4.981630
5.010371
5.040860
5.072969
5.106564
5.141508
5.177658
5.214870
5.252999
5.291898
5.331425
5.371438
5.411797
5.452372
5.493032
5.533658
5.574135
5.614356
5.654225
5.693650
5.732552
5.770859
5.808508
5.845445
5.881624
5.917008
5.951568
5.985279
6.018124
6.050093
6.081179
6.111377
6.140688
6.169112
6.196653
6.223311
6.249088
6.273984
6.297994
6.321114
6.343331
6.364632
6.384995
6.404397
6.422807
6.440187
6.456498
6.471691
6.485716
6.498515
6.510029
6.520192
6.528939
6.536202
6.541909
6.545994
6.548386
6.549019
6.547831
6.544763
6.539761
6.532779
6.523776
6.512722
6.499593
6.484379
6.467078
6.447700
6.426266
6.402810
6.377378
6.350029
6.320833
6.289872
6.257242
6.223047
6.187404
6.150438
6.112284
6.073086
6.032992
5.992159
5.950745
5.908915
5.866833
5.824666
5.782578
5.740733
5.699290
5.658405
5.618228
5.578902
5.540562
5.503334
5.467336
5.432675
5.399447
5.367737
5.337619
5.309156
5.282398
5.257386
5.234147
5.212700
5.193053
5.175203
5.159140
5.144847
5.132297
5.121458
5.112295
5.104766
5.098827
5.094433
5.091536
5.090090
5.090049
5.091368
5.094006
5.097924
5.103087
5.109465
5.117033
5.125770
5.135661
5.146695
5.158867
5.172176
5.186627
5.202228
5.218990
5.236927
5.256055
5.276393
5.297957
5.320765
5.344833
5.370172
5.396794
5.424703
5.453899
5.484374
5.516117
5.549104
5.583306
5.618685
5.655192
5.692768
5.731346
5.770847
5.811183
5.852257
5.893961
5.936179
5.978786
6.021650
6.064632
6.107588
6.150367
6.192817
6.234781
6.276103
6.316625
6.356193
6.394652
6.431854
6.467654
6.501916
6.534508
6.565310
6.594209
6.621104
6.645904
6.668533
6.688924
6.707023
6.722792
6.736204
6.747245
6.755915
6.762226
6.766202
6.767881
6.767308
6.764541
6.759648
6.752701
6.743784
6.732985
6.720397
6.706117
6.690245
6.672882
6.654131
6.634091
6.612863
6.590543
6.567225
6.542997
6.517944
6.492145
6.465671
6.438590
6.410961
6.382838
6.354267
6.325290
6.295941
6.266250
6.236241
6.205933
6.175345
6.144487
6.113373
6.082013
6.050416
6.018593
5.986556
5.954320
5.921903
5.889327
5.856619
5.823812
5.790945
5.758062
5.725216
5.692467
5.659882
5.627535
5.595508
5.563890
5.532775
5.502266
5.472471
5.443499
5.415468
5.388497
5.362706
5.338217
5.315152
5.293631
5.273772
5.255688
5.239489
5.225277
5.213147
5.203187
5.195473
5.190074
5.187045
5.186431
5.188263
5.192560
5.199327
5.208556
5.220227
5.234303
5.250737
5.269469
5.290423
5.313517
5.338653
5.365726
5.394622
5.425216
5.457380
5.490978
5.525870
5.561912
5.598961
5.636870
5.675494
5.714691
5.754319
5.794243
5.834331
5.874459
5.914507
5.954364
5.993928
6.033103
6.071804
6.109954
6.147484
6.184335
6.220457
6.255807
6.290350
6.324060
6.356916
6.388903
6.420011
6.450235
6.479574
6.508026
6.535595
6.562281
6.588088
6.613015
6.637061
6.660222
6.682489
6.703850
6.724288
6.743782
6.762303
6.779820
6.796293
6.811680
6.825932
6.838994
6.850808
6.861313
6.870443
6.878131
6.884308
6.888904
6.891851
6.893080
6.892527
6.890130
6.885831
6.879581
6.871335
6.861057
6.848718
6.834301
6.817797
6.799210
6.778554
6.755856
6.731154
6.704499
6.675955
6.645596
6.613510
6.579796
6.544564
6.507933
6.470034
6.431004
6.390989
6.350141
6.308617
6.266579
6.224191
6.181618
6.139027
6.096582
6.054444
6.012772
5.971720
5.931434
5.892055
5.853714
5.816535
5.780630
5.746103
5.713045
5.681537
5.651649
5.623438
5.596951
5.572223
5.549278
5.528130
5.508783
5.491232
5.475463
5.461454
5.449178
5.438601
5.429684
5.422386
5.416661
5.412463
5.409745

# FITNESS
predator: 0.745241
prey: 0.726842
